<?xml version="1.0"?>
<opencv_storage>
<camIntrinsicMat type_id="opencv-matrix">
  <rows>3</rows>
  <cols>3</cols>
  <dt>d</dt>
  <data>
    1.5007067461556476e+003 0. 6.6394859292681122e+002 0.
    1.5091355250253678e+003 5.6188275909112429e+002 0. 0. 1.</data></camIntrinsicMat>
<distortion_coefficients type_id="opencv-matrix">
  <rows>5</rows>
  <cols>1</cols>
  <dt>d</dt>
  <data>
    -6.1325038474570082e-001 1.6309516062974125e+000
    1.5420664845341254e-003 2.9368226597356427e-004
    -4.2014233637599290e+000</data></distortion_coefficients>
<camIntriMatrix type_id="opencv-matrix">
  <rows>3</rows>
  <cols>4</cols>
  <dt>d</dt>
  <data>
    1.5007067461556476e+003 0. 6.6394859292681122e+002 0. 0.
    1.5091355250253678e+003 5.6188275909112429e+002 0. 0. 0. 1. 0.</data></camIntriMatrix>
</opencv_storage>
